30
21 64228265 377689534 830362458 70672150 215139090 796372658 858475965 122050101 408406010 752737367 180578938 251662450 99174901 272585980 868334809 6812365 408782889 775110062 423147738 282924997 793353758
90 322439611 930570000 265238699 545396450 832224375 264256003 909307753 736658953 958382812 915841570 13112204 289950332 162860416 819012482 721805576 725338380 119140792 741475763 8002163 796790170 814962733 625929185 186106620 665575930 983792927 95072497 226389175 211680431 257943980 494157266 423976334 145809923 792667946 700622093 650515784 384279776 731832980 828104367 838215965 448834752 641676625 200120362 306015634 740833376 34310447 539650544 572587723 596410160 617384802 876753866 275604268 903132054 70335472 590981741 232945533 984284854 922988121 192711275 56294471 32859473 599916839 570580617 391081675 576005859 433080012 890673072 27754399 497632464 296418624 147286099 979980934 785026060 391633616 59992774 558446482 114171255 791596499 40587258 332013256 866172622 483403582 917339990 532010241 286987407 293019316 870346552 351889496 899585446 733851082 638178270
37 470621347 441685917 543745633 740988870 89898838 664773006 895567203 358548316 79065588 898847807 574736158 487558446 361487581 901873028 299162519 566530016 452819523 763570358 230021863 361208569 703519759 825499857 626088360 747442780 548982402 401414256 22848918 97831384 619460167 428134328 975543958 26807973 94207371 337473869 406981360 328972179 148864401
34 30297360 327722604 66784602 142225572 215928645 418435296 753363773 655676483 810118296 120187751 595309680 266607139 408425306 46569503 695288968 183653805 720878570 440943207 603872634 933986130 174510222 275877994 817331374 561286331 378450752 436830772 708718098 28243304 927853626 54311153 133030623 436852601 224378789 353101681
12 821469179 534538656 196303169 78990334 75141032 526195774 95493894 522359124 96152524 485882228 53857402 591790989
54 455212079 728608911 352706758 382432759 182493059 858110612 237212432 901972716 271519559 610452928 156239165 70136909 276959127 161838173 528255867 152603700 312620404 180875868 540624500 473177439 475178580 863054019 701111617 398206480 158541765 750253383 125801313 287853770 317512851 398257847 640574573 349262615 515729214 787144240 853083690 774037451 865597415 129744965 56867021 635938929 52144074 78849162 756626749 32216199 336540856 968225377 280443302 292115801 203254 736442408 22220346 401392667 85402751 681184520
32 738622691 941628839 410429608 840112446 622888579 761565006 935377742 919665922 677101560 826567045 478260251 423681463 958653392 982746290 900692875 107282397 370479756 679267741 725984784 250402451 521600130 361543643 73182525 262175685 812743085 20576448 961631786 868855590 297569951 241721468 982011479 815157263
42 275594958 893644839 452091723 728172213 486249246 316574961 120968017 969866550 227344573 731135929 954193115 281882672 159454538 427909875 236353671 168550503 438555677 123837233 589291449 729371758 929311084 899104235 391251950 763830430 230797200 545789199 5192455 727428574 817683115 954540714 886862590 960105492 100593150 552924338 213487303 993668084 781328739 659861818 603036749 285430347 225814277 576043089
84 972398163 465284704 897270335 402196300 330197369 194865123 372518615 719317477 717329035 133448887 718658167 722832863 749153453 105983001 675456503 518266335 112520296 734063813 913672045 404067935 587445773 190962304 427165269 656951046 719901803 16307627 686253808 103971361 608242462 120353475 805722999 444914147 934615034 401020849 884037135 781576028 972255326 101586721 879282890 164069325 120204268 415279837 995423143 327460355 121632153 759630626 481622371 247813778 591541722 462382014 713990614 690815688 601217632 945656639 664244964 417649810 88503175 370565584 886640123 643043498 831441345 420596307 351923503 845213430 527515883 702184958 75727021 480725209 18162326 91769012 984750645 146763418 766546983 914103241 120766852 386115737 30880926 611950023 474835927 866842019 946479240 987116480 601899108 268512977
52 315375634 695197667 116093684 22025356 343978216 90237125 410199345 741606023 31763122 550064089 687601560 157724866 107142182 446470469 663694486 351506650 247209362 767732196 3438123 194399045 839691590 831636900 410418047 223011183 728884110 80834041 942037468 434283893 992973807 747646011 811052953 526190202 240407874 532655406 664674851 856063602 258719887 87419087 133295079 311182303 274513680 101881077 323482162 28947242 487526782 291126682 833702544 886472601 230078701 451790803 718376361 410022001
88 209952912 367863055 77621912 551977658 330945219 370721653 126360743 460173477 666373702 513712130 797815315 946703963 291069686 71041379 596743432 145049178 17308883 859892203 896206157 718132445 580326682 770895824 598946444 611244888 344357399 298719858 855820361 674381103 253066291 683078113 440141137 192932554 957937607 183316382 181182627 603816952 729009919 34352008 136225488 261391708 383210333 768383264 586684210 767177600 262806176 93681226 735236155 145291864 365696730 238092085 321520247 796518353 637507548 211277412 39723054 965791542 58521283 2295311 694484466 900307485 379407838 430766814 749821317 703012682 792668119 563250304 924604472 257831917 334864676 619104437 201851364 654040230 690608298 823021993 648583778 451632836 602198348 766240858 835784586 947189198 886636597 448118695 379073378 397223887 416544179 910844945 791646358 80018376
75 312742465 93302709 696290496 66609277 771144414 759429230 208074288 390269423 226367878 48218851 130975073 664576743 543838786 7037882 752870290 282106293 482390658 409559934 992777022 243518280 299266750 895407167 239182141 892379772 553030215 355949546 191181597 867315571 880434553 102976210 399423348 645886575 323295433 226155429 136950944 457548599 851493249 81720401 355269654 949000687 357092468 560185782 751668154 964782558 707294702 191750883 470129558 968563773 143978417 749903836 274400585 844238297 334593515 302126274 139469986 386277713 39803018 118597186 447099123 270006730 554666663 753044512 949778142 582504528 822183093 238114484 237383186 251570507 906245145 12482534 780435322 484753405 879924624 905691184 60403984
7 90772277 562165159 435447524 367022664 890315097 26013682 527162879
82 209024837 619570431 669868236 18009501 472700488 522853360 899219325 136837715 407357224 889480318 75565210 82918042 163560577 638955485 116058054 221427065 888823375 185841661 676076881 237356897 555720752 80059106 459272133 330025418 220134861 249506403 487692013 73847271 989650387 546862408 841076939 629109232 857619401 435250106 150580022 576034411 449564090 400153670 510907598 89462056 567763651 118333294 337103516 477072461 468166082 927631005 139569774 123511495 118303791 442962644 117674774 99497307 696797253 308396546 901878821 371384004 609948270 822198708 134959855 787534957 162828041 680285607 120547705 824836475 534419548 985206992 256030266 114825471 923311443 522808184 611010472 511481788 777980208 231893579 891712748 194096832 242055733 621939776 72796391 56063242 48484050 7969329
66 874435682 840618645 352463259 625136137 335456981 962110151 728604777 199817814 223470864 788730225 136169034 272472208 376098332 134980677 231659357 140698684 530571880 440303612 395914959 828932281 297385610 552200935 749755092 618743725 838575976 854611787 131770144 93601498 718503579 110731192 784752374 150181330 579899450 122089471 453276748 371880942 602656481 485849303 192138276 382946342 217056206 501969748 229272840 573809914 606478745 895286801 395248408 829008199 694179856 606441058 100142319 498722291 491388574 974305127 793316861 229924171 568235122 682630293 786451578 725549217 634098885 662404718 906409257 209128887 815009367 62150353
85 397138607 112415224 900660947 260677834 39244432 731792436 716773085 770784325 875063722 435789666 393929239 924206999 827865523 427747479 30736852 506850021 3763943 975579874 239163561 860447299 234970348 74940928 183828098 395879107 666119260 435880302 693184293 399943789 742167213 17061971 851377593 369854703 648261887 135154670 532601084 183870766 203373784 448383570 499825309 417279227 124549233 495930706 183045809 246166404 2571523 401502570 545271480 690697388 546648242 137703873 795152797 35337947 791414854 906271258 146570981 614715973 973795142 703563360 266265210 584131402 669849363 46561161 894456680 66326770 381494681 611303831 840066512 749064249 868028699 634568760 266171293 434825571 97159422 688020807 353601118 98467069 923651063 857910116 944500957 605098368 557301239 802130305 811668401 898513940 58601786
57 708578576 618815485 145532066 277129396 942002371 168284761 767900597 474404260 263628427 639777995 336889603 157622198 934891250 340327704 283871926 330721727 854580249 375084809 874710 938810933 96011846 521921823 441866912 781134822 344280503 986721631 566698957 745754037 152681363 368246793 32981411 182804792 18242442 965556554 330984208 709657116 914941845 584595336 229221675 885249108 932546355 127890260 232081575 997981149 565186210 813769964 141639452 383929685 901879930 303264541 684638643 847631942 298631119 432044216 293289197 589457324 75899423
81 268259430 106764799 484436936 216815110 255620141 663374186 738840449 626288567 922089560 579694438 822541766 183732856 247218180 408737391 575278051 43860171 188615386 904767720 274180715 244010060 859073101 962839382 96688441 442991314 328740100 902005063 46937301 53580775 270688116 874092690 591377848 146305282 726315871 227378583 690405 77359218 325592835 327633824 408403883 811098320 403680999 598856374 475208609 109103673 352882476 714381689 65160698 708467570 208247033 165601540 391582870 968119572 814266626 55469396 852973365 447019212 597939975 540785445 250511071 472782847 312363571 414752584 641532531 898933812 180615115 616394971 435132194 315564084 365184218 157271213 437680051 806688599 604483532 633809970 529933130 716338936 704070515 413047580 995295777 332617063 59132382
41 830115115 833673457 447655074 942321983 941494561 781301352 172198847 707023750 267300863 442350075 220663267 500597105 87950810 611613965 460719455 151795885 573627948 875213533 691988818 923151908 120743599 550326793 164423115 55295028 735754844 427738886 762097176 254817485 881761106 409262484 610143026 566763336 941901839 345141828 56141514 87906744 399899071 858048043 815914253 902338617 593036794
32 325067785 855231143 177647233 958721215 962242929 854415665 750519432 415845067 61361916 920588924 815504895 606899443 852498500 525211506 831808846 638052537 564099397 928083473 783060034 713867471 762285862 371796676 978391628 457600620 70322285 987833604 245927663 167799192 648381240 975885361 699224535 107453956
87 269473754 158068687 206084782 878806069 348163365 497412978 101061670 406567253 603652217 821184524 451126770 195786091 163778557 331882311 521063283 876052130 4540919 44198944 743377140 23882943 722439669 758845891 775434628 134032319 14352143 543891725 63908941 379964876 339785525 610644131 586878185 380418627 952745079 265176098 199716155 18249436 759456222 767062040 716332709 996223727 176819829 251049834 905698890 77173140 586184367 246813806 856164152 163885056 232517081 268059433 494333051 674135903 93995110 148520772 13557344 690281717 762528778 825304490 517650416 904680575 915883997 456465331 819319219 957094639 908919488 686867404 69275029 890478242 113951991 363928393 644580936 753425918 857825432 993432082 136015863 729863907 229923487 839277344 250480531 408688012 304756558 28876962 390926931 747931877 98808019 130356008 237485602
33 446458412 420605056 243502115 169578694 56687003 349122987 778466679 456690336 217038001 540266807 131288801 374705917 931283982 822403091 960548730 823359267 842976422 942125225 334772949 175540884 215603390 355115429 349408894 651586482 9473314 676784060 336982345 135938154 891543841 611171043 288285479 188781799 485184606
24 698984686 97482496 574261934 532852042 580077170 519484848 694382398 14247242 293682943 770029318 559799420 797838782 489444301 689738464 997222948 546443893 500688068 61215722 218252942 654388402 887846751 122550940 741900752 390625831
35 220539351 759019265 983161943 525711700 480184593 133425358 909437603 881349887 378315034 433603397 545558883 403902758 21905198 207595783 688530491 974793394 499937449 301241317 269594527 720748141 620133137 14559812 922415757 895084477 179913001 382019438 788155138 987150140 680483536 586980758 306198578 607320400 589922314 375264242 53512194
70 695603230 533155422 434392076 603890783 470700655 222981297 109863027 655520760 351363088 478955714 528574029 274337530 473905765 488019376 908533536 799571448 402357167 268767448 50733280 581101680 269546180 867466124 182340137 551732946 157857169 799781130 373753591 262093446 739815088 22045078 128589763 655820096 224514093 335713326 77016953 248787805 522238443 441513766 633304683 495187164 928198728 283827636 64856083 438226309 356210553 648587916 459129156 886570933 171245591 403140829 855433611 898353582 356336317 175549072 979453868 158107245 649638115 18906900 985469568 158745545 744293669 677708765 131232007 320282471 601485982 813188969 162957090 96204285 970435510 45524355
2 585585005 49657736
20 161863836 701559493 604029185 799721128 362506667 550778703 261607825 562884190 397842180 578567504 34735104 338075020 710724468 107143214 916717007 200228302 555927060 849696852 895064447 67864644
65 562652265 742652088 418739810 720722429 24762963 183519621 955644766 753998675 785276979 281881872 191537932 490812822 313817643 576428673 520039954 310234339 594087443 159581517 337557924 725319628 857837023 908920106 462369739 432333801 858013733 480577433 531277433 614147410 783109988 159606862 508499715 608051509 789269789 235171128 46578443 955267488 350406498 380536903 343015674 758625924 248274887 85894060 586856021 308040508 886877209 315447182 382840587 438804221 84740491 582045173 934109298 102781539 744407304 571724855 930247755 68458947 426702659 173130266 681511145 288538438 242460550 925603548 649284843 289905130 983620642
60 595669584 685982089 594503896 702179960 815141363 221563257 812574786 221419964 790142260 188005930 957803829 107795949 883093047 78444245 915259797 241751445 666549566 200173504 493959947 333608014 116565918 218087464 83792049 314441650 354068550 455674321 835831228 570468401 152195358 359120009 536013739 601644911 78797764 550579071 489545064 421790291 996755620 388478088 395246307 549293966 912279593 553741515 725339938 503270395 161868229 428317981 203566926 794706639 392727559 761035782 567978615 857000698 52995149 754101864 981181261 342421472 954251795 418655453 667799298 493588257
46 846072232 798301131 829269495 933847053 372922627 497201949 244555671 964891571 874725472 65634928 975301457 406169762 227317598 989254765 244296660 595711321 835269786 545099398 977151881 124714370 979158764 246356044 661326404 834374561 951172919 131149343 430678572 302748219 344513643 988760779 983910710 365561682 908660120 90387381 446023691 499654718 903803586 343307620 903925049 807399249 888836470 965277590 782594976 646705250 103040694 20451108
